0,569
0,568
0,567
0,566
0,565
0,564
0,563
0,562
0,561
0,560
0,559
0,558
0,557
0,556
0,555
0,554
0,553
0,552
0,551
0,550
0,549
0,548
0,547
0,546
0,545
0,544
0,543
0,542
0,541
0,540
0,539
0,538
0,537
0,536
0,535
0,534
0,533
0,532
0,531
0,530
0,529
0,528
0,527
0,526
0,525
0,524
0,523
0,522
0,521
0,520
0,519
0,518
0,517
0,516
0,515
0,514
0,513
0,512
0,511
0,510
0,509
0,508
0,507
0,506
0,505
0,504
0,503
0,502
0,501
0,500
0,499
0,498
0,497
0,496
0,495
0,494
0,493
0,492
0,491
0,490
0,489
0,488
0,487
0,486
0,485
0,484
0,483
0,482
0,481
0,480
0,479
0,478
0,477
0,476
0,475
0,474
0,473
0,472
0,471
0,470
0,469
0,468
0,467
0,466
0,465
0,464
0,463
0,462
0,461
0,460
0,459
0,458
0,457
0,456
0,455
0,454
0,453
0,452
0,451
0,450
0,449
0,448
0,338
0,337
0,336
0,335
0,333
0,331
0,330
0,329
0,328
0,327
0,326
0,325
0,324
0,447
0,446
0,445
0,438
0,417
0,416
0,415
0,414
0,413
0,412
0,411
0,410
0,409
0,407
0,406
0,405
0,403
0,386
0,321
0,437
0,436
0,435
0,432
0,320
0,310
0,305
0,308
0,304
0,303
0,302
0,307
0,12
0,10
0,8
0,0
0,434
0,300
0,426
0,570
0,571
0,573
0,574
0,576
0,577
0,579
0,9
0,581
0,582
0,322
0,340
0,341
0,342
0,343
0,344
0,345
0,346
0,347
0,348
0,589
0,350
0,590
0,591
0,592
0,353
0,354
0,594
0,595
0,356
0,596
0,597
0,359
0,360
0,599
0,600
0,601
0,363
0,364
0,603
0,604
0,366
0,367
0,370
0,607
0,608
0,372
0,408
0,611
0,612
0,614
0,615
0,617
0,619
0,620
0,622
0,623
0,625
0,626
0,628
0,630
0,631
0,633
0,634
0,636
0,638
0,639
0,641
0,642
0,644
0,645
0,647
0,649
0,650
0,652
0,653
0,655
0,657
0,658
0,660
0,661
0,663
0,664
0,666
0,668
0,669
0,671
0,672
0,674
0,676
0,677
0,679
0,680
0,682
0,684
0,685
0,687
0,688
0,690
0,691
0,693
0,695
0,696
0,698
0,699
0,701
0,702
2,3
0,704
2,1
1,0
0,706
0,707
0,708
0,709
0,711
0,712
0,714
0,716
0,717
0,719
0,720
0,722
0,723
0,725
0,727
0,728
0,730
0,731
0,733
0,769
0,770
0,772
0,773
0,775
0,776
0,778
0,780
0,781
0,783
0,784
0,786
0,788
0,789
0,791
0,792
4,0
4,3
0,795
0,796
0,797
0,799
0,800
0,802
0,804
0,805
0,807
0,808
0,810
0,812
0,813
0,815
0,816
0,818
0,819
0,821
0,823
0,824
0,826
0,827
0,829
0,831
0,832
0,834
0,835
0,837
0,838
0,840
0,842
0,843
0,845
0,846
0,848
0,850
0,851
0,853
0,854
0,856
0,858
0,859
0,861
0,862
0,864
0,865
0,867
0,869
0,870
0,872
0,873
0,875
0,877
0,878
0,880
0,881
0,883
0,884
0,886
0,888
0,889
0,891
0,892
0,894
0,896
0,897
0,899
0,900
0,902
0,903
0,905
0,907
0,908
0,910
0,911
0,913
0,915
0,916
0,918
0,919
0,921
0,922
0,924
0,926
0,927
0,929
0,930
0,932
0,934
0,935
0,937
0,938
0,940
0,942
0,943
0,945
0,946
0,948
0,949
0,951
0,953
0,954
0,956
0,957
0,959
0,961
0,962
0,964
0,965
0,967
0,968
0,970
0,972
0,973
0,975
0,976
0,978
0,980
0,981
0,983
0,984
0,986
0,987
0,989
0,991
0,992
0,994
0,995
0,997
0,999
0,1000
0,1002
0,1003
0,1005
0,1007
0,1008
0,1010
0,1011
0,1013
0,1014
0,1016
0,1018
0,1019
0,1021
0,1022
0,1024
0,1026
0,1027
0,1029
0,1030
0,1032
0,1033
0,1035
0,1037
0,1038
0,1040
0,1041
0,1043
0,1045
0,1046
0,1091
2,2
0,1092
3,1
0,1093
93,0
3,4
3,5
93,1
4,2
28,0
93,5
28,2
28,3
90,0
90,3
36,2
36,3
90,4
90,5
36,5
37,1
37,3
37,4
37,6
37,7
37,9
37,11
37,12
37,14
37,15
37,17
37,18
37,20
38,0
38,1
38,3
38,4
40,1
40,3
40,4
41,0
41,1
41,3
41,4
42,1
42,3
42,4
43,1
43,2
43,4
45,1
45,2
45,4
45,5
52,1
52,2
78,0
78,3
78,4
78,5
78,1
52,3
52,0
45,3
45,0
43,3
43,0
42,2
42,0
41,2
40,5
40,2
40,0
38,2
37,21
37,19
37,16
37,13
37,10
37,8
37,5
37,2
37,0
36,4
90,1
36,1
36,0
28,1
93,4
3,6
93,3
3,3
3,2
3,0
1,2
0,1044
0,1042
0,1039
0,1036
0,1034
0,1031
0,1028
0,1025
0,1023
0,1020
0,1017
0,1015
0,1012
0,1009
0,1006
0,1004
0,1001
0,998
0,996
0,993
0,990
0,988
0,985
0,982
0,979
0,977
0,974
0,971
0,969
0,966
0,963
0,960
0,958
0,955
0,952
0,950
0,947
0,944
0,941
0,939
0,936
0,933
0,931
0,928
0,925
0,923
0,920
0,917
0,914
0,912
0,909
0,906
0,904
0,901
0,898
0,895
0,893
0,890
0,887
0,885
0,882
0,879
0,876
0,874
0,871
0,868
0,866
0,863
0,860
0,857
0,855
0,852
0,849
0,847
0,844
0,841
0,839
0,836
0,833
0,830
0,828
0,825
0,822
0,820
0,817
0,814
0,811
0,809
0,806
0,803
0,801
0,798
4,1
0,794
0,793
0,790
0,787
0,785
0,782
0,779
0,777
0,774
0,771
0,768
0,732
0,729
0,726
0,724
0,721
0,718
0,715
0,713
0,710
1,1
1,3
0,705
0,703
2,0
0,700
0,697
0,694
0,692
0,689
0,686
0,683
0,681
0,678
0,675
0,673
0,670
0,667
0,665
0,662
0,659
0,656
0,654
0,651
0,648
0,646
0,643
0,640
0,637
0,635
0,632
0,629
0,627
0,624
0,621
0,618
0,616
0,613
0,610
0,609
0,371
0,606
0,605
0,365
0,602
0,362
0,361
0,598
0,358
0,357
0,355
0,593
0,352
0,351
0,349
0,588
0,587
0,586
0,585
0,584
0,583
0,243
0,580
0,578
0,575
0,572
0,299
0,400
0,298
0,399
0,297
0,296
0,397
0,295
0,396
0,294
0,402
0,293
0,431
0,292
0,395
0,291
0,394
0,290
0,430
0,289
0,429
0,288
0,428
0,287
0,393
0,286
0,392
0,285
0,391
0,284
0,390
0,283
0,389
0,282
0,427
0,281
0,444
0,280
0,442
0,279
0,387
0,278
0,425
0,277
0,424
0,276
0,423
0,275
0,339
0,274
0,385
0,273
0,384
0,272
0,383
0,271
0,382
0,270
0,422
0,269
0,421
0,268
0,420
0,267
0,381
0,266
0,380
0,265
0,433
0,264
0,419
0,263
0,418
0,262
0,379
0,261
0,260
0,259
0,258
0,257
0,256
0,255
0,254
0,253
0,252
0,251
0,250
0,249
0,248
0,247
0,369
0,246
0,368
0,245
0,244
0,242
0,241
0,240
0,239
0,238
0,237
0,236
0,235
0,234
0,233
0,232
0,231
0,230
0,229
0,228
0,227
0,226
0,225
0,224
0,223
0,222
0,221
0,220
0,404
0,219
0,218
0,217
0,216
0,1096
0,215
0,1095
0,214
0,1094
0,213
0,1090
0,212
0,1089
0,211
0,1088
0,210
0,318
0,209
0,317
0,208
0,207
0,206
0,205
0,204
0,203
0,202
0,201
0,334
0,200
0,199
0,443
0,198
0,332
0,197
0,316
0,196
0,319
0,195
0,398
0,194
0,378
0,193
0,377
0,192
0,63
0,62
0,376
0,61
0,375
0,60
0,440
0,59
0,374
0,58
0,401
0,57
0,439
0,56
0,373
0,55
0,323
0,54
0,441
0,53
0,388
0,52
0,315
0,51
0,314
0,50
0,313
0,49
0,312
0,48
0,311
0,47
0,309
0,46
0,306
0,45
0,301
0,6
0,5
0,1
0,11
0,4
0,2
0,3
0,7
